0.000206
0.000362
0.000118
0.000057
0.000177
0.000407
0.000033
0.000176
0.000031
0.000441
0.002092
0.000414
0.000196
0.000173
0.000176
0.000375
0.002232
0.000104
0.000234
0.000117
0.000448
0.009281
0.004263
0.000442
0.000138
0.000172
0.000749
0.000197
0.000490
0.000286
0.000033
0.000381
0.000129
0.000075
0.000256
0.000023
0.000412
0.000019
0.000918
0.000053
0.000328
0.000521
0.000778
0.000911
0.000188
0.000045
0.000583
0.000195
0.000006
0.000015
0.000094
0.000182
0.000807
0.000566
0.000212
0.000086
0.000205
0.000095
0.000092
0.001433
0.000143
0.000088
0.000617
0.000447
0.001346
0.000614
0.000332
0.000132
0.000896
0.000184
0.000329
0.000710
0.000292
0.001305
0.000054
0.000784
0.000047
0.000353
0.005948
0.001337
0.004865
0.000991
0.000580
0.000475
0.000104
0.000229
0.000288
0.000610
0.000284
0.000351
0.000101
0.000721
0.000745
0.000142
0.000141
0.000224
0.000343
0.000022
0.003305
0.000214
0.000261
0.000156
0.000066
0.000718
0.000134
0.000021
0.000019
0.000243
0.000097
0.000062
0.000250
0.007564
0.000540
0.000318
0.000238
0.000015
0.000054
0.000889
0.000072
0.000149
0.000200
0.000026
0.000084
0.000022
0.000053
0.000213
0.001435
0.000811
0.005533
0.000462
0.000168
0.000106
0.000379
0.000465
0.000245
0.000524
0.000165
0.000158
0.000837
0.000105
0.000243
0.000395
0.000431
0.000735
0.000145
0.000143
0.001906
0.001078
0.000087
0.000125
0.000497
0.000119
0.000667
0.000682
0.000053
0.000060
0.000147
0.000285
0.000311
0.000351
0.000135
0.000087
0.000157
0.000329
0.000410
0.000387
0.000589
0.000409
0.000341
0.000199
0.000725
0.000306
0.000616
0.000446
0.000316
0.000251
0.000048
0.000577
0.000240
0.000256
0.000125
0.000594
0.000056
0.000243
0.000199
0.000321
0.000097
0.000328
0.000204
0.000073
0.000895
0.000241
0.000048
0.000225
0.000492
0.000583
0.000331
0.000080
0.000223
0.000039
0.000285
0.000029
0.000256
0.000279
0.000104
0.000043
0.000179
0.000122
0.000119
0.000163
0.000276
0.000320
0.000171
0.000077
0.000146
0.000347
0.000066
0.000112
0.000092
0.000034
0.000195
0.000371
0.000161
0.000207
0.000074
0.000174
0.000094
0.000043
0.000276
0.000202
0.000045
0.000171
0.000190
0.000228
0.000136
0.000163
0.000389
0.000145
0.000610
0.000318
0.000153
0.000111
0.000119
0.000205
0.000047
0.000553
0.000235
0.000111
0.000361
0.000109
0.000094
0.000243
0.000474
0.000145
0.000277
0.000037
0.000146
0.000193
0.000250
0.000074
0.000049
0.000061
0.000452
0.000130
0.000351
0.000235
0.000328
0.000070
0.000384
0.000087
0.000337
0.000064
0.000284
0.000233
0.000115
0.000234
0.000262
0.000347
0.000059
0.000281
0.000144
0.000511
0.000243
0.000704
0.000541
0.000275
0.000079
0.000067
0.000271
0.000055
0.000040
0.000158
0.000108
0.000531
0.000263
0.000137
0.000599
0.000130
0.000217
0.000546
0.000286
0.001076
0.001045
0.000374
0.000048
0.000116
0.000295
0.000270
0.000258
0.000061
0.001195
0.000119
0.000493
0.000063
0.002253
0.000239
0.000410
0.000103
0.001088
0.001819
0.000219
0.000066
0.000054
0.000223
0.000177
0.000042
0.000312
0.000130
0.000138
0.000037
0.000413
0.001158
0.000563
0.000085
0.000147
0.000554
0.000071
0.000143
0.000138
0.000091
0.000040
0.000055
0.000088
0.000066
0.000101
0.000197
0.000068
0.000070
0.000039
0.000212
0.001157
0.000801
0.000099
0.000344
0.003486
0.000060
0.000664
0.000290
0.000291
0.000557
0.000054
0.000109
0.000110
0.000104
0.000558
0.000602
0.000043
0.000214
0.000293
0.000141
0.000156
0.000473
0.000099
0.000199
0.000261
0.000134
0.000937
0.000390
0.000220
0.000069
0.000666
0.000061
0.000456
0.000169
0.000414
0.000758
0.000060
0.000082
0.000034
0.000243
0.000166
0.000138
0.000263
0.000025
0.000042
0.000386
0.000020
0.000075
0.000460
0.003106
0.000941
0.000265
0.001116
0.000034
0.002238
0.002216
0.000105
0.000075
0.000049
0.002946
0.000104
0.000077
0.000737
0.000648
0.000064
0.000034
0.007934
0.001393
0.016382
0.002229
0.000215
0.000968
0.000197
0.000248
0.000036
0.000117
0.001488
0.000318
0.000092
0.003360
0.000759
0.000221
0.008293
0.000690
0.000412
0.000286
0.000095
0.000659
0.001235
0.000432
0.002653
0.000435
0.000529
0.000464
0.000158
0.000434
0.004765
0.000253
0.000117
0.000226
0.000089
0.007013
0.000052
0.000498
0.000007
0.001120
0.000517
0.000706
0.000194
0.000176
0.000231
0.000724
0.006772
0.000212
0.000316
0.000317
0.000058
0.000014
0.000051
0.000143
0.002382
0.000053
0.000115
0.003525
0.000081
0.000190
0.000009
0.000472
0.000165
0.000138
0.000284
0.003818
0.000950
0.000052
0.000373
0.001087
0.000341
0.001744
0.006088
0.000054
0.001002
0.003070
0.000220
0.001690
0.004079
0.000144
0.000262
0.000025
0.000072
0.016150
0.000042
0.000713
0.000578
0.001080
0.000777
0.000326
0.000471
0.003686
0.000348
0.000009
0.001772
0.000078
0.002020
0.000558
0.000636
0.000193
0.000405
0.001590
0.000158
0.000544
0.000387
0.000279
0.001642
0.000874
0.000206
0.000063
0.000089
0.000490
0.000512
0.000423
0.005085
0.001121
0.000267
0.000098
0.020759
0.000239
0.000059
0.000267
0.000525
0.000391
0.002028
0.000818
0.001855
0.001404
0.000017
0.002478
0.000635
0.000018
0.000062
0.011455
0.000165
0.006339
0.000907
0.000742
0.000191
0.000117
0.003620
0.002350
0.002710
0.002859
0.000234
0.000045
0.000171
0.000445
0.000005
0.000013
0.000191
0.001688
0.000273
0.000050
0.000348
0.000029
0.000467
0.000098
0.005944
0.000050
0.000426
0.003265
0.000232
0.000102
0.000026
0.000031
0.000038
0.002438
0.003453
0.004123
0.000105
0.001572
0.001198
0.000549
0.001199
0.000236
0.001337
0.002992
0.000260
0.000286
0.002991
0.000136
0.000271
0.000465
0.006777
0.001074
0.001726
0.000066
0.011431
0.000780
0.001379
0.000049
0.000121
0.000079
0.000894
0.000090
0.000243
0.001633
0.000120
0.001980
0.002498
0.000632
0.000598
0.001959
0.001217
0.000106
0.002590
0.008858
0.000030
0.000204
0.001808
0.000036
0.000170
0.003353
0.000360
0.002490
0.003444
0.004057
0.000017
0.004627
0.000362
0.000062
0.000164
0.000380
0.000016
0.005061
0.000417
0.000372
0.005819
0.000228
0.000154
0.000406
0.000851
0.000264
0.002823
0.001091
0.000430
0.003805
0.000047
0.000342
0.000026
0.000156
0.000103
0.000322
0.000280
0.000019
0.004803
0.000068
0.000399
0.000063
0.001325
0.000199
0.000244
0.000111
0.000129
0.000105
0.000515
0.000486
0.001865
0.000128
0.001984
0.003883
0.001617
0.000112
0.005118
0.001185
0.000485
0.011653
0.002793
0.000042
0.004809
0.000035
0.000141
0.000381
0.000061
0.000275
0.000335
0.001865
0.000216
0.000898
0.002802
0.000081
0.000055
0.005538
0.000245
0.007620
0.001556
0.000144
0.000206
0.000041
0.000232
0.000168
0.004696
0.000100
0.001173
0.002147
0.000528
0.000488
0.011206
0.000918
0.000139
0.000023
0.000477
0.001213
0.005101
0.000042
0.005727
0.001853
0.000743
0.000096
0.000633
0.000162
0.000746
0.001972
0.000276
0.006015
0.000345
0.002828
0.000021
0.000181
0.000609
0.000582
0.000295
0.000365
0.001889
0.000840
0.000267
0.000110
0.000440
0.001207
0.005139
0.001555
0.000606
0.000735
0.000225
0.000067
0.001055
0.007609
0.000760
0.000347
0.000120
0.000018
0.003386
0.000790
0.001752
0.001891
0.000015
0.002176
0.000103
0.000334
0.000562
0.004855
0.000374
0.004393
0.000351
0.002681
0.003536
0.000579
0.000411
0.000134
0.000996
0.000953
0.000575
0.000140
0.000518
0.000732
0.001744
0.013219
0.004409
0.000032
0.000068
0.000372
0.000018
0.005141
0.000432
0.000215
0.001791
0.000465
0.000525
0.003205
0.000641
0.000210
0.003964
0.000333
0.000157
0.000375
0.000177
0.000414
0.002643
0.000347
0.001097
0.000149
0.000281
0.000067
0.002791
0.005441
0.008780
0.025669
0.000545
0.000093
0.000068
0.000082
0.003275
0.000047
0.000023
0.000293
0.000279
0.000680
0.000124
0.000075
0.012536
0.000602
0.000507
0.000025
0.000254
0.001216
0.000122
0.000386
0.000528
0.000093
0.001457
0.000677
0.001672
0.000077
0.000975
0.000965
0.000355
0.000035
0.006228
0.004049
0.005774
0.000031
0.000665
0.000098
0.000139
0.000764
0.006550
0.000298
0.001919
0.001530
0.000288
0.000091
0.000501
0.000524
0.000649
0.001545
0.002961
0.000297
0.000084
0.000016
0.000065
0.000368
0.000128
0.002762
0.000264
0.000183
0.008616
0.000287
0.000011
0.000367
0.000255
0.000040
0.000880
0.000577
0.000254
0.001042
0.000216
0.002069
0.000112
0.012266
0.000074
0.000114
0.000087
0.000149
0.000358
0.001023
0.049854
0.000531
0.001541
0.001313
0.000658
0.003210
0.001381
0.000867
0.000939
0.002287
0.005336
0.000331
0.000207
0.000654
0.004002
0.001629
0.000308
0.000208
0.000762
0.000864
0.000422
0.000870
0.000314
0.000232
0.001705
0.000038
0.000176
0.000580
0.001077
0.004114
0.000296
0.000208
0.000030
0.001017
0.000146
0.000161
0.000093
0.000086
0.000831
0.000241
0.000358
0.000014
0.000021
0.000261
0.000179
0.000291
0.000310
0.000092
0.001363
0.000060
0.000099
0.000775
0.000145
0.000452
0.000310
0.000032
0.000989
0.000357
0.000182
0.001361
0.000937
0.000125
0.000550
0.000067
0.000988
0.000917
0.000211
0.000199
0.000619
0.000059
0.000081
0.000029
0.000123
0.000036
0.001675
0.000386
0.001700
0.003211
0.000080
0.000699
0.000051
0.000018
0.000326
0.000408
0.000462
0.001577
0.000517
0.000121
0.000092
0.000305
0.000069
0.000054
0.000450
0.000567
0.000024
0.000235
0.000877
0.000208
0.002124
0.000016
0.000019
0.000024
0.000044
0.000176
0.000088
0.000009
0.000212
0.000268
